1757984024031 0.8326848249027238 0 7ef2f9cb473d4b5088f1258f03714101
1757984024031 0.8326848249027238 0 7ef2f9cb473d4b5088f1258f03714101
1757984034912 0.9042145593869731 0 7ef2f9cb473d4b5088f1258f03714101
1757984024031 0.8326848249027238 0 7ef2f9cb473d4b5088f1258f03714101
1757984024031 0.8326848249027238 0 7ef2f9cb473d4b5088f1258f03714101
1757984034912 0.9042145593869731 0 7ef2f9cb473d4b5088f1258f03714101
1757984041918 0.915057915057915 0 7ef2f9cb473d4b5088f1258f03714101
1757984041918 0.915057915057915 0 7ef2f9cb473d4b5088f1258f03714101
1757984048717 0.7975951903807615 0 7ef2f9cb473d4b5088f1258f03714101
1757984055496 0.8267716535433071 0 7ef2f9cb473d4b5088f1258f03714101
