1757984024031 0.8106060606060606 0 7ef2f9cb473d4b5088f1258f03714101
1757984024031 0.8106060606060606 0 7ef2f9cb473d4b5088f1258f03714101
1757984034912 0.8939393939393939 0 7ef2f9cb473d4b5088f1258f03714101
1757984024031 0.8106060606060606 0 7ef2f9cb473d4b5088f1258f03714101
1757984024031 0.8106060606060606 0 7ef2f9cb473d4b5088f1258f03714101
1757984034912 0.8939393939393939 0 7ef2f9cb473d4b5088f1258f03714101
1757984041918 0.8977272727272727 0 7ef2f9cb473d4b5088f1258f03714101
1757984041918 0.8977272727272727 0 7ef2f9cb473d4b5088f1258f03714101
1757984024031 0.8106060606060606 0 7ef2f9cb473d4b5088f1258f03714101
1757984024031 0.8106060606060606 0 7ef2f9cb473d4b5088f1258f03714101
1757984034912 0.8939393939393939 0 7ef2f9cb473d4b5088f1258f03714101
1757984024031 0.8106060606060606 0 7ef2f9cb473d4b5088f1258f03714101
1757984024031 0.8106060606060606 0 7ef2f9cb473d4b5088f1258f03714101
1757984034912 0.8939393939393939 0 7ef2f9cb473d4b5088f1258f03714101
1757984041918 0.8977272727272727 0 7ef2f9cb473d4b5088f1258f03714101
1757984041918 0.8977272727272727 0 7ef2f9cb473d4b5088f1258f03714101
1757984048717 0.7537878787878788 0 7ef2f9cb473d4b5088f1258f03714101
1757984048717 0.7537878787878788 0 7ef2f9cb473d4b5088f1258f03714101
1757984048717 0.7537878787878788 0 7ef2f9cb473d4b5088f1258f03714101
1757984024031 0.8106060606060606 0 7ef2f9cb473d4b5088f1258f03714101
1757984024031 0.8106060606060606 0 7ef2f9cb473d4b5088f1258f03714101
1757984034912 0.8939393939393939 0 7ef2f9cb473d4b5088f1258f03714101
1757984024031 0.8106060606060606 0 7ef2f9cb473d4b5088f1258f03714101
1757984024031 0.8106060606060606 0 7ef2f9cb473d4b5088f1258f03714101
1757984034912 0.8939393939393939 0 7ef2f9cb473d4b5088f1258f03714101
1757984041918 0.8977272727272727 0 7ef2f9cb473d4b5088f1258f03714101
1757984041918 0.8977272727272727 0 7ef2f9cb473d4b5088f1258f03714101
1757984024031 0.8106060606060606 0 7ef2f9cb473d4b5088f1258f03714101
1757984024031 0.8106060606060606 0 7ef2f9cb473d4b5088f1258f03714101
1757984034912 0.8939393939393939 0 7ef2f9cb473d4b5088f1258f03714101
1757984024031 0.8106060606060606 0 7ef2f9cb473d4b5088f1258f03714101
1757984024031 0.8106060606060606 0 7ef2f9cb473d4b5088f1258f03714101
1757984034912 0.8939393939393939 0 7ef2f9cb473d4b5088f1258f03714101
1757984041918 0.8977272727272727 0 7ef2f9cb473d4b5088f1258f03714101
1757984041918 0.8977272727272727 0 7ef2f9cb473d4b5088f1258f03714101
1757984048717 0.7537878787878788 0 7ef2f9cb473d4b5088f1258f03714101
1757984048717 0.7537878787878788 0 7ef2f9cb473d4b5088f1258f03714101
1757984048717 0.7537878787878788 0 7ef2f9cb473d4b5088f1258f03714101
1757984055496 0.7954545454545454 0 7ef2f9cb473d4b5088f1258f03714101
1757984055496 0.7954545454545454 0 7ef2f9cb473d4b5088f1258f03714101
1757984055496 0.7954545454545454 0 7ef2f9cb473d4b5088f1258f03714101
1757984055496 0.7954545454545454 0 7ef2f9cb473d4b5088f1258f03714101
