1757984024031 0.8566666666666667 0
1757984024031 0.8566666666666667 0
1757984034912 0.9166666666666666 0
1757984024031 0.8566666666666667 0
1757984024031 0.8566666666666667 0
1757984034912 0.9166666666666666 0
1757984041918 0.9266666666666666 0
1757984041918 0.9266666666666666 0
1757984024031 0.8566666666666667 0
1757984024031 0.8566666666666667 0
1757984034912 0.9166666666666666 0
1757984024031 0.8566666666666667 0
1757984024031 0.8566666666666667 0
1757984034912 0.9166666666666666 0
1757984041918 0.9266666666666666 0
1757984041918 0.9266666666666666 0
1757984048717 0.8316666666666667 0
1757984048717 0.8316666666666667 0
1757984048717 0.8316666666666667 0
1757984024031 0.8566666666666667 0
1757984024031 0.8566666666666667 0
1757984034912 0.9166666666666666 0
1757984024031 0.8566666666666667 0
1757984024031 0.8566666666666667 0
1757984034912 0.9166666666666666 0
1757984041918 0.9266666666666666 0
1757984041918 0.9266666666666666 0
1757984024031 0.8566666666666667 0
1757984024031 0.8566666666666667 0
1757984034912 0.9166666666666666 0
1757984024031 0.8566666666666667 0
1757984024031 0.8566666666666667 0
1757984034912 0.9166666666666666 0
1757984041918 0.9266666666666666 0
1757984041918 0.9266666666666666 0
1757984048717 0.8316666666666667 0
1757984048717 0.8316666666666667 0
1757984048717 0.8316666666666667 0
1757984055496 0.8533333333333334 0
1757984055496 0.8533333333333334 0
1757984055496 0.8533333333333334 0
1757984055496 0.8533333333333334 0
1757984024031 0.8566666666666667 0
1757984024031 0.8566666666666667 0
1757984034912 0.9166666666666666 0
1757984024031 0.8566666666666667 0
1757984024031 0.8566666666666667 0
1757984034912 0.9166666666666666 0
1757984041918 0.9266666666666666 0
1757984041918 0.9266666666666666 0
1757984024031 0.8566666666666667 0
1757984024031 0.8566666666666667 0
1757984034912 0.9166666666666666 0
1757984024031 0.8566666666666667 0
1757984024031 0.8566666666666667 0
1757984034912 0.9166666666666666 0
1757984041918 0.9266666666666666 0
1757984041918 0.9266666666666666 0
1757984048717 0.8316666666666667 0
1757984048717 0.8316666666666667 0
1757984048717 0.8316666666666667 0
1757984024031 0.8566666666666667 0
1757984024031 0.8566666666666667 0
1757984034912 0.9166666666666666 0
1757984024031 0.8566666666666667 0
1757984024031 0.8566666666666667 0
1757984034912 0.9166666666666666 0
1757984041918 0.9266666666666666 0
1757984041918 0.9266666666666666 0
1757984024031 0.8566666666666667 0
1757984024031 0.8566666666666667 0
1757984034912 0.9166666666666666 0
1757984024031 0.8566666666666667 0
1757984024031 0.8566666666666667 0
1757984034912 0.9166666666666666 0
1757984041918 0.9266666666666666 0
1757984041918 0.9266666666666666 0
1757984048717 0.8316666666666667 0
1757984048717 0.8316666666666667 0
1757984048717 0.8316666666666667 0
1757984055496 0.8533333333333334 0
1757984055496 0.8533333333333334 0
1757984055496 0.8533333333333334 0
1757984055496 0.8533333333333334 0
