1757984024031 0.856 0
1757984024031 0.856 0
1757984034912 0.9147286821705426 0
1757984024031 0.856 0
1757984024031 0.856 0
1757984034912 0.9147286821705426 0
1757984041918 0.9330708661417323 0
1757984041918 0.9330708661417323 0
1757984024031 0.856 0
1757984024031 0.856 0
1757984034912 0.9147286821705426 0
1757984024031 0.856 0
1757984024031 0.856 0
1757984034912 0.9147286821705426 0
1757984041918 0.9330708661417323 0
1757984041918 0.9330708661417323 0
1757984048717 0.8468085106382979 0
1757984048717 0.8468085106382979 0
1757984048717 0.8468085106382979 0
1757984024031 0.856 0
1757984024031 0.856 0
1757984034912 0.9147286821705426 0
1757984024031 0.856 0
1757984024031 0.856 0
1757984034912 0.9147286821705426 0
1757984041918 0.9330708661417323 0
1757984041918 0.9330708661417323 0
1757984024031 0.856 0
1757984024031 0.856 0
1757984034912 0.9147286821705426 0
1757984024031 0.856 0
1757984024031 0.856 0
1757984034912 0.9147286821705426 0
1757984041918 0.9330708661417323 0
1757984041918 0.9330708661417323 0
1757984048717 0.8468085106382979 0
1757984048717 0.8468085106382979 0
1757984048717 0.8468085106382979 0
1757984055496 0.860655737704918 0
1757984055496 0.860655737704918 0
1757984055496 0.860655737704918 0
1757984055496 0.860655737704918 0
1757984024031 0.856 0
1757984024031 0.856 0
1757984034912 0.9147286821705426 0
1757984024031 0.856 0
1757984024031 0.856 0
1757984034912 0.9147286821705426 0
1757984041918 0.9330708661417323 0
1757984041918 0.9330708661417323 0
1757984024031 0.856 0
1757984024031 0.856 0
1757984034912 0.9147286821705426 0
1757984024031 0.856 0
1757984024031 0.856 0
1757984034912 0.9147286821705426 0
1757984041918 0.9330708661417323 0
1757984041918 0.9330708661417323 0
1757984048717 0.8468085106382979 0
1757984048717 0.8468085106382979 0
1757984048717 0.8468085106382979 0
1757984024031 0.856 0
1757984024031 0.856 0
1757984034912 0.9147286821705426 0
1757984024031 0.856 0
1757984024031 0.856 0
1757984034912 0.9147286821705426 0
1757984041918 0.9330708661417323 0
1757984041918 0.9330708661417323 0
1757984024031 0.856 0
1757984024031 0.856 0
1757984034912 0.9147286821705426 0
1757984024031 0.856 0
1757984024031 0.856 0
1757984034912 0.9147286821705426 0
1757984041918 0.9330708661417323 0
1757984041918 0.9330708661417323 0
1757984048717 0.8468085106382979 0
1757984048717 0.8468085106382979 0
1757984048717 0.8468085106382979 0
1757984055496 0.860655737704918 0
1757984055496 0.860655737704918 0
1757984055496 0.860655737704918 0
1757984055496 0.860655737704918 0
